I_1RGB(34, 70, 83)_2RGB(60, 92, 115)_3RGB(73, 113, 122)

II_1RGB(53, 91, 101)_2RGB(73, 113, 122)_3RGB(255, 87, 51)

III_1RGB(95, 134, 136)_2RGB(53, 91, 101)_3RGB(255, 87, 51)

IV_1RGB(128, 150, 140)_2RGB(163, 175, 255)_3RGB(255, 87, 51)_4RGB(255, 206, 127)

V_1RGB(221, 154, 132)_2RGB(255, 237, 212)_3RGB(255, 206, 127)_4RGB(194, 194, 194)_5RGB(163, 175, 255)

VI_1RGB(247, 161, 132)_2RGB(255, 237, 212)_3RGB(255, 206, 127)_4RGB(194, 194, 194)_5RGB(163, 175, 255)

VII_1RGB(255, 213, 189)_2RGB(247, 161, 132)_3RGB(163, 175, 255)_4RGB(194, 194, 194)_5RGB(255, 187, 76)_6RGB(255, 176, 225)

VIII_1RGB(255, 237, 212)_2RGB(34, 70, 83)_3RGB(95, 134, 136)_4RGB(247, 161, 132)_5RGB(163, 175, 255)